7.95262 8.37919 9.91727
9.21911 5.09311 -8.95042
6.86129 4.6166 -0.247923
7.84124 8.25095 3.17297
9.5553 9.60884 6.12691
1.89243 -3.81218 -0.176924
-2.88563 0.292361 -4.15239
0.283372 -6.47935 -4.50533
-5.24595 -0.770151 -1.83697
6.34145 5.54933 -3.47247
1.76729 2.91456 4.53587
-5.01618 -2.82123 9.02798
0.872604 4.70022 9.9535
-0.508761 -6.72963 -0.600365
-2.95524 0.590886 4.74461
0.976369 -9.35118 -6.64195
6.63826 1.06839 0.845442
-2.00511 6.25132 0.0520724
-7.49672 7.97191 -0.215691
-1.6271 0.0429759 -0.890175
-0.790972 -2.52399 -4.50053
0.0408317 -1.09688 2.30677
8.30846 -9.21665 -6.84976
3.80512 9.77738 8.57961
-2.6071 4.21627 -3.79943
4.62003 9.02839 -1.5248
2.27287 8.94658 5.03167
6.76515 -8.17432 7.85244
-4.50962 3.62107 5.46197
-7.19964 -3.81869 -2.36575
-8.21983 7.82111 3.63248
2.5485 -7.74339 -10.0506
0.289897 2.63587 -2.24252
7.01553 0.671064 -3.51719
-8.57708 8.97197 -8.53681
5.56225 -4.74536 6.40777
2.63066 -2.07204 -6.88274
-5.24 8.03658 9.93334
-3.56942 -1.42692 1.38841
4.56779 8.11958 1.75711
-3.31649 5.40838 8.58958
7.98488 -5.16886 2.69204
6.37839 -7.00913 -4.04715
0.708541 9.01668 0.210382
-5.32826 7.37947 5.89638
5.94189 -8.30783 3.09827
3.16972 -4.16157 -3.84761
-3.32406 -3.83398 5.58017
-6.8002 -4.16863 5.48524
-9.88295 -6.61517 6.06117
-1.3738 -8.93617 9.49656
8.39492 -5.36194 -6.33596
9.67373 -3.38132 5.18726
-8.72838 2.64839 6.93136
-8.40133 -1.16717 7.95703
1.83118 -4.01883 9.25598
-0.923848 7.25169 -8.33319
-5.61162 0.525895 8.80124
-8.29759 9.82182 -5.01052
-4.74327 -6.8817 4.5101
2.96661 -7.19153 6.23565
6.82026 2.95657 9.90567
-4.97024 6.86119 -3.01912
-1.78264 -4.65213 8.81979
-5.35764 -4.74152 0.950205
-1.06002 7.59522 -4.68897
0.85172 6.0341 2.52306
2.41308 -6.46586 2.2723
5.59742 5.25438 3.13749
-1.26763 -4.54481 2.20363
-3.08385 4.00022 -8.45069
3.82746 -0.939277 9.12295
4.49334 -9.63158 -6.12857
3.62764 3.47147 -8.46349
6.09765 -0.081434 -8.22015
3.15432 0.36592 1.32683
1.05033 -9.70711 -3.02521
5.72502 -7.47523 -8.79589
1.59391 -0.611734 -2.25867
0.107535 -3.20114 5.22644
-7.38631 -9.0812 8.60308
-8.59709 7.17314 8.14805
3.44847 7.38503 -4.87053
3.17981 3.77115 1.03122
-4.26416 -7.08232 -2.87395
-9.41356 1.07881 -9.696
9.13341 -7.5373 -0.61054
-5.15524 6.01192 2.38737
-8.90623 -0.107222 -0.627889
5.73129 -3.63707 -8.77647
-0.600975 -7.24196 6.63869
3.04571 5.34709 6.80562
0.836931 4.77518 -6.77167
-8.69773 6.419 -4.14554
7.1421 3.60217 6.22914
-7.18954 -4.30491 -5.76615
-7.32884 -1.82921 2.47013
5.05504 -3.88876 1.49377
-8.89127 -5.00029 1.23637
-7.20198 -8.3037 -0.644664
-2.22081 2.1988 7.71392
2.8041 8.1137 -8.83837
0.804322 1.24039 9.95433
-4.64818 -7.0587 8.18718
5.90418 -2.74559 -5.11967
0.497517 7.54705 7.93091
-0.026295 0.772521 -6.58227
-1.0775 5.61038 5.31939
4.75757 -1.31542 -1.54209
-4.81036 -8.73219 -7.41593
-6.19863 5.14641 -6.87463
9.20356 -1.81266 -7.888
-9.53461 -9.0525 2.83205
-9.97739 0.0417575 4.43508
3.77943 2.67977 -2.22655
-1.97375 8.88749 2.5095
-0.803021 -7.99956 2.80659
2.7814 -5.51819 -7.4318
7.0652 -0.996406 7.40346
9.56071 3.66883 -2.30547
6.94405 -4.79814 -1.72746
-7.84935 -5.1654 8.96825
8.95569 -2.56997 0.236468
-1.51073 -1.24925 8.25203
-6.79739 3.77823 9.798
-3.36148 -4.98766 -5.44745
6.98527 -1.85116 3.68635
-2.95904 -9.88807 5.79989
9.66197 -7.26482 -10.0453
8.60814 3.34213 3.09622
5.23351 6.08198 9.51994
-7.15143 4.29234 -0.424932
8.77278 -3.83151 8.98277
-4.03248 2.505 -1.02813
-8.51521 -6.68522 -3.99845
-4.10643 8.09011 -6.74049
3.71046 2.25459 7.76462
-6.33059 1.33533 -7.80339
-7.52766 -1.85038 -8.70686
-0.669002 -6.32492 -8.41728
9.14655 7.42435 -6.28322
-5.10177 -5.31092 -8.61923
-6.14735 2.13017 -3.90658
6.04347 7.54172 -7.43667
3.38336 -2.63188 4.3822
-2.21551 3.14801 2.32176
-4.73214 -1.80676 -6.58479
1.13496 -0.0762267 5.9277
9.54941 -2.83188 -4.04044
1.82962 5.62821 -1.87133
-6.17162 1.55221 1.47301
3.92861 1.76499 -5.74536
-2.4731 -9.19285 -4.73165
8.02458 9.25174 -2.91293
-0.749083 -2.79171 -8.22745
-2.98929 -3.86464 -1.48287
-2.6378 9.68966 -1.23525
-7.74178 -0.772385 -4.65325
-6.40381 0.584466 5.32214
4.18185 -7.26362 -1.22895
-5.39678 -9.94397 2.3695
-8.00257 4.04094 3.79051
7.18876 3.18458 -6.60704
-2.71719 0.487469 -8.80077
5.00069 0.889792 4.90121
-9.19265 2.73954 -6.14802
9.57876 6.23423 1.18835
6.35262 7.53224 6.16573
-8.36597 -7.44547 -7.37269